2.628440093994140625e+01 -1.048414230346679688e+01
-1.681750869750976562e+01 -1.792919731140136719e+01
-2.315758132934570312e+01 -6.242795944213867188e+01
-3.527381420135498047e-01 -3.534930419921875000e+01
-6.283075213432312012e-01 2.352233409881591797e+00
-1.771692848205566406e+01 2.344237136840820312e+01
-3.490079879760742188e+00 7.205420017242431641e+00
-3.461975479125976562e+01 -5.662982940673828125e+01
3.795262098312377930e+00 1.663397789001464844e+01
7.743287086486816406e+00 -2.547618103027343750e+01
-2.872146415710449219e+01 2.310447883605957031e+01
2.142019653320312500e+01 3.144247055053710938e+01
-1.061439323425292969e+01 6.450002288818359375e+01
1.810989379882812500e+01 1.959155273437500000e+01
1.337124824523925781e+01 -7.641840577125549316e-01
-6.337878704071044922e-01 -7.498580169677734375e+01
-4.526219964027404785e-01 4.752883434295654297e+00
-1.280146217346191406e+01 1.056876373291015625e+01
2.285796165466308594e+01 -2.790053176879882812e+01
-2.125641250610351562e+01 6.175627517700195312e+01
-2.683266067504882812e+01 2.793166351318359375e+01
5.595717430114746094e+00 1.117779350280761719e+01
-6.960732460021972656e+00 -2.208300209045410156e+01
5.142299175262451172e+00 1.751549911499023438e+01
-2.558735466003417969e+01 -5.452139663696289062e+01
3.082480049133300781e+01 2.652585029602050781e+00
-6.814589500427246094e-01 3.836048507690429688e+01
-3.340983581542968750e+01 3.584445953369140625e+01
1.927362060546875000e+01 -2.531558036804199219e+00
-2.668699073791503906e+01 -5.590190124511718750e+01
4.190634536743164062e+01 -1.375049114227294922e+01
-1.192974853515625000e+01 6.368606185913085938e+01
5.637638568878173828e+00 1.111169528961181641e+01
3.730830001831054688e+01 -5.777266025543212891e+00
2.748633384704589844e+01 -2.170134544372558594e+01
7.119296550750732422e+00 3.577743291854858398e+00
2.383985757827758789e+00 -8.375376892089843750e+01
1.959587478637695312e+01 -1.654587745666503906e+01
1.330277347564697266e+01 -2.813265037536621094e+01
2.930720138549804688e+01 -6.724564552307128906e+00
2.093362426757812500e+01 -1.295103549957275391e+01
3.817160415649414062e+01 3.086193561553955078e+00
-2.171078872680664062e+01 -6.196485900878906250e+01
-2.380310058593750000e+01 2.437191963195800781e+01
1.173913097381591797e+01 5.821476578712463379e-01
-2.206867027282714844e+01 1.812695693969726562e+01
-1.770624399185180664e+00 2.403901672363281250e+01
-2.269170761108398438e+01 2.760856628417968750e+01
-2.382797813415527344e+01 -5.708869171142578125e+01
-2.379981613159179688e+01 2.437034797668457031e+01
-4.711454772949218750e+01 2.706364393234252930e+00
-3.686750030517578125e+01 8.050184249877929688e+00
-1.615456008911132812e+01 -6.877561187744140625e+01
2.601322555541992188e+01 -2.012642860412597656e+01
1.722530174255371094e+01 1.291068935394287109e+01
3.769237279891967773e+00 2.749991416931152344e+00
1.136958503723144531e+01 4.980505466461181641e+00
3.975343704223632812e+01 -1.067637825012207031e+01
7.812996387481689453e+00 -7.346282958984375000e+01
-1.427212524414062500e+01 7.047295570373535156e+00
-7.327151298522949219e+00 -2.260761833190917969e+01
4.601871490478515625e+01 -4.612421512603759766e+00
-2.153736591339111328e+00 5.182741165161132812e+00
2.421906089782714844e+01 -3.623372650146484375e+01
-1.467500180006027222e-01 -2.831866455078125000e+01
-1.318503475189208984e+01 1.847571754455566406e+01
-1.040213394165039062e+01 1.402665996551513672e+01
-2.208682823181152344e+01 6.311603164672851562e+01
1.925522232055664062e+01 -2.205463027954101562e+01
4.088468551635742188e+01 5.944214344024658203e+00
-1.134619808197021484e+01 -6.612401008605957031e+00
3.977254486083984375e+01 -1.070122146606445312e+01
-3.531833267211914062e+01 -5.747897338867187500e+01
3.121952533721923828e+00 -8.267456817626953125e+01
4.686732482910156250e+01 -8.594408035278320312e+00
2.029278945922851562e+01 -1.186499023437500000e+01
3.664912796020507812e+01 7.326157569885253906e+00
3.468991851806640625e+01 -8.720643043518066406e+00
-1.862629890441894531e+01 1.308097362518310547e+01
7.237203121185302734e+00 -7.325683593750000000e+01
-9.549969673156738281e+00 2.691077423095703125e+01
-1.669654655456542969e+01 1.635561561584472656e+01
4.747313690185546875e+01 5.416433811187744141e+00
-8.040230274200439453e-01 -1.370880413055419922e+01
2.303974533081054688e+01 1.043607711791992188e+01
2.877488517761230469e+01 -1.779841423034667969e+01
4.151822566986083984e+00 -7.707103729248046875e+01
2.127626991271972656e+01 1.512482070922851562e+01
1.790921783447265625e+01 -3.989551162719726562e+01
4.598699569702148438e+01 -4.593165874481201172e+00
5.540474414825439453e+00 2.817436027526855469e+01
-5.067509460449218750e+01 1.166921734809875488e+00
1.395219326019287109e+01 1.200585842132568359e+00
-1.519728946685791016e+01 1.523871803283691406e+01
2.635060310363769531e+00 1.434070968627929688e+01
4.679669570922851562e+01 -8.588289260864257812e+00
7.820607185363769531e+00 4.607745361328125000e+01
2.103356361389160156e+01 1.868189048767089844e+01
-4.735711574554443359e+00 3.315007019042968750e+01
-3.592195510864257812e+01 9.383005142211914062e+00
6.392449855804443359e+00 -6.947592926025390625e+01
-2.098925209045410156e+01 4.489230346679687500e+01
1.412413215637207031e+01 1.339799308776855469e+01
2.512683677673339844e+01 -3.651326751708984375e+01
-3.524552154541015625e+01 -5.594044113159179688e+01
-3.613658142089843750e+01 -3.834339380264282227e+00
-1.139189910888671875e+01 6.102698135375976562e+01
-2.316598129272460938e+01 3.643690490722656250e+01
6.783667564392089844e+00 1.375310516357421875e+01
9.962312698364257812e+00 2.323818969726562500e+01
1.464701533317565918e+00 2.850690650939941406e+01
1.676553726196289062e+01 1.523588943481445312e+01
5.022106170654296875e+01 -2.486952781677246094e+00
2.600720024108886719e+01 -2.828756809234619141e+00
1.553799748420715332e+00 -7.429888916015625000e+01
2.063648796081542969e+01 -3.403851699829101562e+01
4.031866550445556641e+00 -1.014500713348388672e+01
2.265455818176269531e+01 -3.483936691284179688e+01
8.540081024169921875e+00 -2.122937965393066406e+01
-8.996368408203125000e+00 4.084188842773437500e+01
2.681207084655761719e+01 1.396624660491943359e+01
4.682052230834960938e+01 -1.741029357910156250e+01
-1.090862941741943359e+01 3.794770050048828125e+01
2.887353134155273438e+01 -1.640577316284179688e+01
-3.298187255859375000e+01 -5.258624649047851562e+01
1.530103302001953125e+01 -1.140808105468750000e+01
4.834687232971191406e+00 -1.269680023193359375e+01
-9.539504051208496094e+00 6.228358078002929688e+01
-2.067965745925903320e+00 -7.470864105224609375e+01
4.706751251220703125e+01 -1.651006317138671875e+01
-1.716102600097656250e+00 -3.249512910842895508e+00
3.425154876708984375e+01 -4.088474273681640625e+00
3.134296417236328125e+01 -1.445618987083435059e+00
1.819032669067382812e+01 4.796453475952148438e+01
-1.575544548034667969e+01 -1.004154491424560547e+01
2.351974964141845703e+00 -7.662946319580078125e+01
1.371016216278076172e+01 3.812565326690673828e+00
-1.162116432189941406e+01 -3.624423639848828316e-03
1.152263164520263672e+00 -7.571140289306640625e+01
3.453935623168945312e+01 -3.744665980339050293e-01
-3.022509193420410156e+01 3.277667236328125000e+01
2.483245468139648438e+01 -1.346381759643554688e+01
-3.604372787475585938e+01 2.588636970520019531e+01
4.103707885742187500e+01 5.568474292755126953e+00
-8.818957328796386719e+00 -1.003007650375366211e+00
-2.375847434997558594e+01 1.019939804077148438e+01
-1.848560905456542969e+01 3.362720489501953125e+01
-2.021578598022460938e+01 2.919859170913696289e+00
-4.243637847900390625e+01 1.043232536315917969e+01
-6.942478656768798828e+00 1.081801891326904297e+01
3.421755552291870117e+00 -1.664075851440429688e+01
2.456649541854858398e+00 -7.879989624023437500e+01
2.229887199401855469e+01 -1.986022377014160156e+01
-2.507356834411621094e+01 -5.546613693237304688e+01
1.994093132019042969e+01 -2.038590621948242188e+01
-7.366937637329101562e+00 3.598093414306640625e+01
-1.248712635040283203e+01 4.997041702270507812e+00
-1.267658042907714844e+01 3.110122108459472656e+01
1.294369792938232422e+01 -1.728425979614257812e+01
-3.324497604370117188e+01 -5.757219314575195312e+01
2.420431900024414062e+01 2.002733230590820312e+01
-4.978018283843994141e+00 4.796287536621093750e+01
-2.483985662460327148e+00 3.743212890625000000e+01
3.943759155273437500e+01 -1.882079696655273438e+01
-4.034615993499755859e+00 -7.796034240722656250e+01
6.302818775177001953e+00 -7.621297454833984375e+01
-5.087374687194824219e+00 -3.625521659851074219e+00
4.172681331634521484e+00 1.291768741607666016e+01
3.820501708984375000e+01 3.566761016845703125e-01
4.496970748901367188e+01 -1.133993053436279297e+01
1.356255054473876953e+01 2.940749359130859375e+01
4.221387481689453125e+01 -3.531672716140747070e+00
-1.442648506164550781e+01 -6.128188133239746094e+00
2.871926116943359375e+01 5.523208236694335938e+01
2.405684661865234375e+01 -1.380867481231689453e+01
-1.105228519439697266e+01 6.814146995544433594e+00
-4.269389343261718750e+01 9.703908920288085938e+00
1.336534118652343750e+01 1.307376956939697266e+01
-1.020945358276367188e+01 2.561113739013671875e+01
3.369237136840820312e+01 2.465457344055175781e+01
-2.668710899353027344e+01 -5.590194702148437500e+01
-3.484697341918945312e+01 -5.109207534790039062e+01
-3.514173030853271484e+00 -2.409425926208496094e+01
-1.073974609375000000e+01 -1.168515801429748535e+00
-1.483496761322021484e+01 2.436809730529785156e+01
1.717552947998046875e+01 3.551597976684570312e+01
-5.057103157043457031e+00 -2.135080909729003906e+01
-2.584907913208007812e+01 -5.966431427001953125e+01
2.319168663024902344e+01 -2.571430587768554688e+01
-3.653930282592773438e+01 2.975240516662597656e+01
4.031330871582031250e+01 -5.995172023773193359e+00
1.234797477722167969e+01 -3.454785346984863281e+00
-1.165147590637207031e+01 3.467989349365234375e+01
2.479118919372558594e+01 -1.454423904418945312e+01
4.206669616699218750e+01 8.319286704063415527e-01
2.346821212768554688e+01 1.000785708427429199e+00
3.383193016052246094e+00 -1.669316864013671875e+01
-2.117738342285156250e+01 6.966556072235107422e+00
4.160778522491455078e+00 -2.221045494079589844e+01
6.644151687622070312e+00 1.475854301452636719e+01
2.519182968139648438e+01 8.075345039367675781e+00
-1.021113014221191406e+01 6.513017272949218750e+01
4.010883331298828125e+01 -7.186917304992675781e+00
-2.167063951492309570e+00 4.315988159179687500e+01
3.770129203796386719e+00 1.634786224365234375e+01
1.952179908752441406e+01 4.580708694458007812e+01
-3.842188358306884766e+00 2.483534049987792969e+01
-6.003073215484619141e+00 -1.887591743469238281e+01
2.389336585998535156e+01 -1.847601318359375000e+01
5.120151901245117188e+01 -3.836015701293945312e+00
-2.349302673339843750e+01 -5.628814220428466797e+00
2.270330429077148438e+00 -7.436519622802734375e+01
-6.847144126892089844e+00 2.432986640930175781e+01
1.242549514770507812e+01 6.326746463775634766e+00
2.369224929809570312e+01 -2.506325340270996094e+01
-3.567626190185546875e+01 -5.497667694091796875e+01
-3.571812057495117188e+01 3.093593978881835938e+01
-3.677624940872192383e+00 3.174195098876953125e+01
5.926816463470458984e+00 2.545495033264160156e+01
1.491900634765625000e+01 5.065241336822509766e+00
5.495015144348144531e+00 3.298590850830078125e+01
-3.592414855957031250e+01 2.208440589904785156e+01
-2.125792121887207031e+01 1.743955421447753906e+01
2.818703460693359375e+01 -5.549227818846702576e-02
1.911458778381347656e+01 2.415449523925781250e+01
-3.045435905456542969e+01 7.204568862915039062e+00
1.425679683685302734e+01 3.532664489746093750e+01
-1.103804302215576172e+01 1.988696479797363281e+01
1.369388008117675781e+01 -3.003456306457519531e+01
7.311833500862121582e-01 1.560375213623046875e+01
-3.076157951354980469e+01 2.679995727539062500e+01
1.355317306518554688e+01 1.475848770141601562e+01
3.964419937133789062e+01 -3.734584808349609375e+00
-2.042771339416503906e+01 -5.123698115348815918e-01
2.348645591735839844e+01 -6.377945423126220703e+00
1.822047042846679688e+01 1.024668025970458984e+01
-4.790975570678710938e+00 -2.393474197387695312e+01
-1.173413181304931641e+01 -1.027272605895996094e+01
-1.749634361267089844e+01 8.288011550903320312e+00
3.406280517578125000e+01 6.916857910156250000e+01
7.050778865814208984e+00 3.742211341857910156e+00
2.083297348022460938e+01 -2.189967155456542969e+01
1.797622203826904297e+00 -1.170184254646301270e+00
-2.867178726196289062e+01 -5.160184860229492188e+01
1.429722690582275391e+01 2.965798187255859375e+01
1.876786613464355469e+01 2.567061424255371094e+01
9.597744345664978027e-01 -1.551300621032714844e+01
-1.584696865081787109e+01 1.398614692687988281e+01
4.411783218383789062e+01 -2.166959285736083984e+00
-3.884162139892578125e+01 2.508297348022460938e+01
-2.346936988830566406e+01 -6.056487655639648438e+01
-2.471968078613281250e+01 -5.775569152832031250e+01
-5.951372981071472168e-01 1.115556812286376953e+01
-2.803857612609863281e+01 2.563958740234375000e+01
3.829776382446289062e+01 -2.554689407348632812e+00
2.745845794677734375e+01 -2.562989234924316406e+01
-1.542935752868652344e+01 1.378363037109375000e+01
3.503054428100585938e+01 3.002037048339843750e+00
-4.999699592590332031e+00 4.376758193969726562e+01
-1.300697994232177734e+01 7.511182785034179688e+00
-4.296590805053710938e+01 3.735739469528198242e+00
-3.723810672760009766e+00 1.059651851654052734e+01
6.250426769256591797e+00 2.493822860717773438e+01
4.477766513824462891e+00 4.210781097412109375e+01
-3.146785736083984375e+01 2.535592079162597656e+01
1.000770473480224609e+01 5.723726749420166016e+00
-3.835459899902343750e+01 6.007848262786865234e+00
3.918095016479492188e+01 1.408882617950439453e+01
2.820453643798828125e+01 -2.006829643249511719e+01
-2.867181205749511719e+01 -5.160184478759765625e+01
-2.489850425720214844e+01 2.465121984481811523e+00
2.496324729919433594e+01 -3.702980804443359375e+01
2.447459602355957031e+01 -2.568912887573242188e+01
9.542675018310546875e+00 9.039087295532226562e+00
5.905212402343750000e+00 3.334669494628906250e+01
-5.166863799095153809e-01 -8.016950988769531250e+01
2.901255798339843750e+01 -7.047861099243164062e+00
-8.132884025573730469e+00 2.082215690612792969e+01
2.386235427856445312e+01 -2.234844970703125000e+01
-7.874904870986938477e-01 5.341827011108398438e+01
8.215860366821289062e+00 4.013047790527343750e+01
1.985371017456054688e+01 -3.993481826782226562e+01
4.419278335571289062e+01 5.598273277282714844e+00
3.199524116516113281e+01 1.190163803100585938e+01
3.345521163940429688e+01 -2.584618568420410156e+01
1.033778858184814453e+01 1.224313068389892578e+01
9.435914039611816406e+00 1.619638824462890625e+01
-2.157898521423339844e+01 2.679987668991088867e+00
-3.502685928344726562e+01 3.722508239746093750e+01
3.811313629150390625e+01 1.507081413269042969e+01
-3.469934844970703125e+01 -4.877142715454101562e+01
-3.697690963745117188e+01 6.052406692504882812e+01
-4.475503921508789062e+00 -7.252210235595703125e+01
1.580274963378906250e+01 3.950639963150024414e+00
-3.504466247558593750e+01 3.711139297485351562e+01
1.205218505859375000e+01 8.861885833740234375e+01
2.725073695182800293e-01 -7.268737792968750000e+01
-1.597723388671875000e+01 -6.958674621582031250e+01
-3.233308029174804688e+01 2.549484634399414062e+01
3.677092742919921875e+01 7.224428653717041016e+00
7.060299396514892578e+00 2.911588096618652344e+01
-3.689304733276367188e+01 -5.760959625244140625e+01
3.399656534194946289e+00 3.596258163452148438e+01
-5.785518169403076172e+00 4.507245254516601562e+01
2.553464412689208984e+00 4.793432235717773438e+01
-4.789124488830566406e+00 -1.285711479187011719e+01
3.525722980499267578e+00 3.958621978759765625e+01
-1.482540416717529297e+01 5.784505081176757812e+01
2.456760787963867188e+01 6.430272579193115234e+00
-3.278004074096679688e+01 2.746572113037109375e+01
2.091438865661621094e+01 -2.253632736206054688e+01
4.302441787719726562e+01 1.744486451148986816e+00
1.278804111480712891e+01 2.063933372497558594e+01
2.171331405639648438e+01 -1.644520187377929688e+01
-3.292703247070312500e+01 2.595983123779296875e+01
-4.426346969604492188e+01 -1.426097154617309570e+00
-7.163365840911865234e+00 2.549599075317382812e+01
-1.109394359588623047e+01 8.523911476135253906e+00
2.969010925292968750e+01 -6.958000659942626953e+00
-8.195334434509277344e+00 2.215425872802734375e+01
-3.056775283813476562e+01 5.835163593292236328e-01
-2.396433353424072266e+00 3.553516149520874023e+00
4.629161834716796875e+01 -1.981291770935058594e-01
1.357343482971191406e+01 1.843111228942871094e+01
-2.235140419006347656e+01 3.902432250976562500e+01
-6.717914104461669922e+00 6.571497440338134766e+00
-4.295846939086914062e+00 2.310496330261230469e+00
-8.359384536743164062e+00 -2.171697235107421875e+01
3.037904930114746094e+01 -2.145248222351074219e+01
-3.944377183914184570e+00 -8.670375823974609375e+00
-6.831389904022216797e+00 -3.065971565246582031e+01
2.392907714843750000e+01 1.007336974143981934e+00
-2.600719070434570312e+01 -4.382466793060302734e+00
1.279197096824645996e+00 3.737298583984375000e+01
1.488929080963134766e+01 9.154006004333496094e+00
-7.827848911285400391e+00 -1.769294548034667969e+01
-5.908756256103515625e+00 -6.504461765289306641e+00
4.270366668701171875e+01 -9.427589416503906250e+00
-3.355372238159179688e+01 3.068100929260253906e+01
-1.895591926574707031e+01 2.792980957031250000e+01
4.461451339721679688e+01 9.282999038696289062e+00
-3.416281127929687500e+01 -5.136943817138671875e+01
-4.692912578582763672e+00 3.067264556884765625e+01
-2.931407928466796875e+01 2.956151390075683594e+01
4.534678268432617188e+01 2.823261499404907227e+00
-4.837343597412109375e+01 3.940319716930389404e-01
-2.097840499877929688e+01 -5.749359130859375000e+01
1.958921051025390625e+01 1.548424243927001953e+01
-1.683153152465820312e+00 3.369380950927734375e+01
-1.286878967285156250e+01 -1.444335269927978516e+01
2.474042654037475586e+00 1.636270332336425781e+01
-4.707295608520507812e+01 2.772966623306274414e+00
-8.523277282714843750e+00 -5.020482063293457031e+00
1.196110534667968750e+01 3.015340995788574219e+01
6.598592758178710938e+00 5.096464157104492188e+01
-5.659239292144775391e+00 -2.004636573791503906e+01
-3.617591476440429688e+01 4.485490417480468750e+01
3.648047521710395813e-02 -8.591991424560546875e+00
-2.884827804565429688e+01 1.611738395690917969e+01
2.383791208267211914e-01 2.339223098754882812e+01
4.419858932495117188e+01 5.591548442840576172e+00
-3.470448303222656250e+01 -5.492366790771484375e+01
7.003056526184082031e+00 5.113425445556640625e+01
-1.079117679595947266e+01 2.234390830993652344e+01
2.749717903137207031e+01 -2.567142105102539062e+01
2.121228408813476562e+01 -3.640251541137695312e+01
2.679836082458496094e+01 2.857237052917480469e+01
-2.694425201416015625e+01 3.291226196289062500e+01
-2.550794982910156250e+01 -5.297758865356445312e+01
-2.162862205505371094e+01 4.707533836364746094e+00
-7.800092220306396484e+00 -1.696164321899414062e+01
-2.151645898818969727e+00 1.582537841796875000e+01
-4.356919097900390625e+01 1.026705169677734375e+01
-1.353974533081054688e+01 7.428181171417236328e+00
-3.729748427867889404e-01 -3.530773925781250000e+01
-3.379563808441162109e+00 5.410768508911132812e+00
4.497282028198242188e+01 -1.133695793151855469e+01
1.787255096435546875e+01 5.592608261108398438e+01
-2.810330963134765625e+01 -6.122523117065429688e+01
1.067212390899658203e+01 1.563550853729248047e+01
-2.619022369384765625e+01 -5.838643646240234375e+01
-1.457965660095214844e+01 -6.249782562255859375e+01
-3.326052093505859375e+01 3.013761901855468750e+01
-1.066090011596679688e+01 3.170616531372070312e+01
5.129085922241210938e+01 -3.943747043609619141e+00
2.352342605590820312e+01 -6.506034374237060547e+00
-3.084946060180664062e+01 -5.434193801879882812e+01
7.237203121185302734e+00 -7.325683593750000000e+01
5.067185592651367188e+01 3.973906755447387695e+00
2.030211639404296875e+01 1.311514377593994141e+01
-3.269186258316040039e+00 -2.261174011230468750e+01
-3.409574508666992188e+01 -4.909389495849609375e+01
-1.449292087554931641e+01 -2.268475055694580078e+00
-1.701119661331176758e+00 -3.319494724273681641e+00
2.005927324295043945e+00 1.219243335723876953e+01
1.216253185272216797e+01 3.912347030639648438e+01
4.000142669677734375e+01 -7.482933521270751953e+00
5.482120990753173828e+00 3.209060668945312500e+01
2.681407165527343750e+01 2.857853126525878906e+01
-2.437086296081542969e+01 3.818919372558593750e+01
-4.321646881103515625e+01 9.150870323181152344e+00
-1.378515911102294922e+01 -6.189513397216796875e+01
-8.688555717468261719e+00 2.155293273925781250e+01
-4.096910858154296875e+01 -2.153517484664916992e+00
2.541311264038085938e+01 1.186764430999755859e+01
1.121118354797363281e+01 1.156847667694091797e+01
-9.277121543884277344e+00 1.558934307098388672e+01
6.928800582885742188e+00 5.110163116455078125e+01
-4.899185562133789062e+01 2.976196289062500000e+00
1.663709449768066406e+01 -4.198085069656372070e-01
2.883021736145019531e+01 -1.778830909729003906e+01
9.710707664489746094e+00 -7.704140663146972656e+00
-1.380689859390258789e+00 -7.658785247802734375e+01
1.904274559020996094e+01 -2.090916442871093750e+01
4.674491882324218750e+00 -8.991842269897460938e+00
8.308503627777099609e-01 4.136989593505859375e+01
-4.568953037261962891e+00 -7.376173400878906250e+01
-1.131378173828125000e+01 -2.779731941223144531e+01
1.803361511230468750e+01 4.621015548706054688e+01
-3.567440032958984375e+01 -3.431580066680908203e+00
-9.283609390258789062e+00 3.055664634704589844e+01
3.437052154541015625e+01 -2.595331192016601562e+01
-1.573374366760253906e+01 4.348716735839843750e+00
3.802298784255981445e+00 -1.043551445007324219e+01
-1.093136787414550781e+01 1.319775581359863281e+01
5.960506796836853027e-01 1.844498634338378906e+00
5.915256500244140625e+00 5.065232086181640625e+01
-2.360886096954345703e+00 1.228949260711669922e+01
-2.097978782653808594e+01 -5.755686950683593750e+01
-1.171293449401855469e+01 5.501791763305664062e+01
-2.488618278503417969e+01 -6.247133636474609375e+01
2.374762916564941406e+01 1.358808040618896484e+01
-3.216178512573242188e+01 2.905401802062988281e+01
-2.957929801940917969e+01 1.642780876159667969e+01
-2.414058685302734375e+01 2.259963274002075195e+00
-8.551590919494628906e+00 8.351713180541992188e+00
1.850430011749267578e+00 -2.596066093444824219e+01
5.804495334625244141e+00 -7.917817687988281250e+01
-2.297755432128906250e+01 -5.934438228607177734e+00
-6.787724494934082031e+00 1.446239948272705078e+00
-2.765454673767089844e+01 -5.719020843505859375e+01
-1.377940368652343750e+01 -6.189991378784179688e+01
2.225186729431152344e+01 1.998471832275390625e+01
-4.194139957427978516e+00 -1.679447746276855469e+01
1.058427810668945312e+01 3.264241409301757812e+01
-9.721165657043457031e+00 4.130525588989257812e+01
2.138541793823242188e+01 -3.903062057495117188e+01
-1.952101898193359375e+01 5.671521377563476562e+01
3.730556106567382812e+01 -5.788132667541503906e+00
2.703981876373291016e+00 3.137782859802246094e+01
2.219910144805908203e+00 -7.528440093994140625e+01
1.175725364685058594e+01 3.494703674316406250e+01
1.401710891723632812e+01 2.955856323242187500e+01
2.774665117263793945e+00 -8.332802581787109375e+01
1.873365592956542969e+01 2.243007850646972656e+01
-5.242003440856933594e+00 3.439142990112304688e+01
1.860349082946777344e+01 1.413309383392333984e+01
-4.717689132690429688e+01 -6.144084334373474121e-01
-3.030656814575195312e+00 -3.593585640192031860e-02
1.731361389160156250e+01 6.749440670013427734e+00
-6.600388526916503906e+00 -2.560761451721191406e+01
1.507465124130249023e+00 -7.223978424072265625e+01
-2.684760475158691406e+01 -5.445078277587890625e+01
2.515464019775390625e+01 1.423068237304687500e+01
-1.104546070098876953e+01 6.607101440429687500e+01
4.497352600097656250e+01 9.882468223571777344e+00
7.884714603424072266e+00 -3.583301925659179688e+01
-2.824555206298828125e+01 -6.077599334716796875e+01
-2.061455345153808594e+01 6.427153015136718750e+01
1.776729965209960938e+01 6.648280143737792969e+00
-8.696784973144531250e+00 -1.912001419067382812e+01
1.007195854187011719e+01 2.642603158950805664e+00
-8.341407775878906250e-01 -1.357194900512695312e+01
1.246749401092529297e+01 -5.210617065429687500e+00
3.294086837768554688e+01 2.402525138854980469e+01
2.450002479553222656e+01 1.569805026054382324e+00
-1.304831218719482422e+01 6.410076141357421875e+01
4.086919021606445312e+01 -1.614808320999145508e+00
-3.481217384338378906e+00 1.336314105987548828e+01
9.481667518615722656e+00 9.100046157836914062e+00
-1.687719726562500000e+01 8.848537445068359375e+00
-1.513105773925781250e+01 -2.407108497619628906e+01
-2.331584930419921875e+01 2.809371376037597656e+01
6.023327827453613281e+00 -1.446850490570068359e+01
-2.129983329772949219e+01 -6.003148651123046875e+01
4.853642272949218750e+01 4.259977340698242188e+01
6.366610527038574219e+00 -1.304765129089355469e+01
-3.128510284423828125e+01 4.275896453857421875e+01
2.100494003295898438e+01 -2.761253356933593750e+01
2.044763755798339844e+01 2.038710784912109375e+01
-4.901066207885742188e+01 9.298261404037475586e-01
2.870270967483520508e+00 3.766176223754882812e+01
3.789012908935546875e+01 1.586853313446044922e+01
2.453013992309570312e+01 6.514836788177490234e+00
-3.115730476379394531e+01 2.318234634399414062e+01
4.994841384887695312e+01 3.120079040527343750e+00
2.506688308715820312e+01 -2.329766464233398438e+01
-2.226630401611328125e+01 3.948720932006835938e+01
-3.280774688720703125e+01 3.605598449707031250e+01
-1.294231986999511719e+01 6.288652420043945312e+01
-9.753720283508300781e+00 6.635886383056640625e+01
-6.306806564331054688e+00 3.847349929809570312e+01
-4.384062290191650391e+00 -1.936803817749023438e+01
2.883757019042968750e+01 -2.090888214111328125e+01
-6.064203262329101562e+00 6.310844039916992188e+01
2.174987220764160156e+01 2.113346862792968750e+01
5.549235534667968750e+01 -1.058568286895751953e+01
1.835782051086425781e+01 -1.997459793090820312e+01
-4.510318756103515625e+01 -5.882112503051757812e+00
-1.473934459686279297e+01 -6.200192642211914062e+01
-1.388654232025146484e+01 2.166640853881835938e+01
-1.468436717987060547e+01 4.033609390258789062e+01
-7.228222846984863281e+00 -1.762583017349243164e+00
2.457264518737792969e+01 -2.675115013122558594e+01
-3.438611221313476562e+01 3.222139358520507812e+01
-1.161059215664863586e-01 -7.401587677001953125e+01
-2.328902816772460938e+01 6.745725631713867188e+00
-2.883566379547119141e+00 1.101181125640869141e+01
-1.534727096557617188e+01 -6.955371093750000000e+01
2.578315734863281250e+01 -1.733846855163574219e+01
1.876664161682128906e+01 2.240900802612304688e+01
-9.231317520141601562e+00 6.464484405517578125e+01
1.679267311096191406e+01 4.666590499877929688e+01
-3.081911849975585938e+01 -5.536125183105468750e+01
1.957335853576660156e+01 2.122729778289794922e+00
5.876171112060546875e+00 -1.129582881927490234e+00
-1.033189371228218079e-01 3.342531967163085938e+01
5.534491348266601562e+01 -1.069758701324462891e+01
-3.035993576049804688e+01 -6.378124237060546875e+01
1.225396537780761719e+01 -1.106369495391845703e+01
-1.968363189697265625e+01 3.333402252197265625e+01
-6.824000358581542969e+00 1.293236732482910156e+01
-1.954356002807617188e+01 -6.184846878051757812e+01
-2.217639446258544922e+00 1.130825614929199219e+01
2.110344505310058594e+01 6.772316455841064453e+00
2.172402191162109375e+01 2.024586868286132812e+01
3.887658357620239258e+00 3.905326461791992188e+01
-2.375403404235839844e+00 1.187765240669250488e+00
-7.949409961700439453e+00 6.357759475708007812e+01
-9.041926383972167969e+00 4.361790657043457031e+00
8.098499298095703125e+00 -9.990572929382324219e+00
1.351205348968505859e+01 3.886083364486694336e+00
1.578981113433837891e+01 2.587993144989013672e+00
4.719516754150390625e+01 -1.716316032409667969e+01
-1.148623847961425781e+01 6.227264404296875000e+01
-1.391073417663574219e+01 2.498807144165039062e+01
-2.615420913696289062e+01 3.293872833251953125e+01
-2.436992454528808594e+01 -5.515978240966796875e+01
-4.013737106323242188e+01 -1.161795377731323242e+00
-2.054516410827636719e+01 -6.476715087890625000e+01
-3.420669555664062500e+01 -5.844577789306640625e+01
3.046428298950195312e+01 -2.004612922668457031e+01
-2.430929183959960938e+01 3.829030609130859375e+01
-3.662496185302734375e+01 -2.470075607299804688e+01
-1.442470455169677734e+01 -5.977167129516601562e+00
1.521521449089050293e+00 -6.958321380615234375e+01
2.338375300168991089e-01 3.658184432983398438e+01
1.953448867797851562e+01 2.936102151870727539e+00
-2.428602874279022217e-01 -1.668050193786621094e+01
1.557726097106933594e+01 3.017783355712890625e+01
-4.232376480102539062e+01 -8.374973297119140625e+00
2.354872894287109375e+01 -1.962874221801757812e+01
2.657231330871582031e+01 5.876368999481201172e+00
-1.714853048324584961e+00 -1.894482994079589844e+01
-3.422961711883544922e+00 3.645353317260742188e+01
1.901295661926269531e+01 -3.934917831420898438e+01
1.827874183654785156e+01 1.108657264709472656e+01
-2.102520561218261719e+01 4.458954620361328125e+01
1.049810314178466797e+01 -2.374058008193969727e+00
-5.463947772979736328e+00 -1.700514602661132812e+01
-4.123064804077148438e+01 -4.892039299011230469e-01
6.855773448944091797e+00 -1.703039169311523438e+01
3.640002727508544922e+00 2.771539449691772461e+00
-3.561764478683471680e+00 -7.830874633789062500e+01
3.406186676025390625e+01 -4.112581729888916016e+00
-3.337179565429687500e+01 2.454668807983398438e+01
-2.181079292297363281e+01 3.658503341674804688e+01
4.561013793945312500e+01 -8.472202301025390625e+00
-1.654359817504882812e+00 3.551983261108398438e+01
6.502962112426757812e+00 -2.163380050659179688e+01
-1.363810062408447266e+01 2.734644508361816406e+01
-2.800623893737792969e+01 2.817213249206542969e+01
2.311293029785156250e+01 1.145747852325439453e+01
6.337406635284423828e-01 5.221997261047363281e+00
5.494530126452445984e-02 1.300789737701416016e+01
4.577747344970703125e+00 -8.247980499267578125e+01
-5.233512401580810547e+00 -4.317519068717956543e-02
-4.463917160034179688e+01 -4.244383811950683594e+00
1.880362629890441895e+00 -1.180747985839843750e+00
-2.980388641357421875e+01 2.590093421936035156e+01
-7.837119579315185547e+00 -2.474587249755859375e+01
-9.004011154174804688e+00 3.615830993652343750e+01
2.782839775085449219e+01 -2.949650382995605469e+01
7.789741516113281250e+00 2.955959558486938477e+00
1.299367809295654297e+01 -1.461396932601928711e+00
1.754676699638366699e+00 1.930419349670410156e+01
5.533455657958984375e+01 -1.066066169738769531e+01
1.793048095703125000e+01 4.740744781494140625e+01
4.632980823516845703e-01 -7.906338214874267578e+00
4.155927658081054688e+00 -8.455219268798828125e+01
2.670207023620605469e-01 -1.757350730895996094e+01
-3.871842384338378906e+00 1.487056446075439453e+01
1.603660225868225098e+00 -1.835186195373535156e+01
-4.346557617187500000e+00 -7.844599914550781250e+01
6.194119453430175781e+00 -8.493039011955261230e-01
1.788532638549804688e+01 1.955386161804199219e+01
2.038149595260620117e+00 1.819198226928710938e+01
-2.668401718139648438e+01 4.478553390502929688e+01
-1.007577228546142578e+01 1.554568529129028320e+00
3.591659545898437500e+01 -1.215009117126464844e+01
-7.557450294494628906e+00 1.159241580963134766e+01
-2.921019792556762695e+00 4.385327816009521484e+00
3.392874908447265625e+01 2.394574356079101562e+01
2.726344680786132812e+01 -1.647930526733398438e+01
2.143591880798339844e+00 3.371168136596679688e+01
-6.852833747863769531e+00 4.496902465820312500e+01
-1.404766559600830078e+01 4.178976821899414062e+01
1.948130726814270020e+00 9.937111854553222656e+00
2.782089948654174805e+00 3.110266113281250000e+01
-2.094720649719238281e+01 3.560898971557617188e+01
-3.138134765625000000e+01 -5.530548477172851562e+01
2.814970588684082031e+01 4.366620254516601562e+01
-2.682479667663574219e+01 3.446389770507812500e+01
7.248376369476318359e+00 -1.511563873291015625e+01
4.713928222656250000e+01 -3.071535587310791016e+00
1.704076576232910156e+01 2.341262626647949219e+01
3.774825096130371094e+00 1.395100879669189453e+01
-1.129687690734863281e+01 -1.921879959106445312e+01
3.349295806884765625e+01 2.378854942321777344e+01
2.189960330724716187e-02 -2.137788200378417969e+01
-9.910406112670898438e+00 2.641248130798339844e+01
2.011368751525878906e+01 1.156018638610839844e+01
-5.389440536499023438e+00 1.042930126190185547e+01
2.030210685729980469e+01 -2.099650192260742188e+01
-1.843123054504394531e+01 2.243239784240722656e+01
-1.133743000030517578e+01 3.807596206665039062e+01
-4.775429368019104004e-01 -2.913112449645996094e+01
-3.625450515747070312e+01 -5.652398300170898438e+01
-2.801169013977050781e+01 3.769828796386718750e+01
-1.685856628417968750e+01 8.604218482971191406e+00
-3.793280363082885742e+00 3.693746948242187500e+01
-8.837312698364257812e+00 6.158945465087890625e+01
4.217225646972656250e+01 -1.731069982051849365e-01
4.373587036132812500e+01 -6.717517375946044922e+00
1.398470878601074219e+01 -2.998710823059082031e+01
7.781856060028076172e-01 -6.673603534698486328e+00
4.477868556976318359e+00 -2.601576232910156250e+01
-1.318940281867980957e+00 3.848851776123046875e+01
-1.755705475807189941e-02 -2.780410385131835938e+01
2.013116836547851562e+01 -2.811329650878906250e+01
9.506784439086914062e+00 -7.779795837402343750e+01
4.786743819713592529e-01 1.673752784729003906e+01
2.196080207824707031e+00 -8.500082397460937500e+01
1.085661411285400391e+00 -2.304636764526367188e+01
1.026202011108398438e+01 5.581017494201660156e+00
6.388128280639648438e+00 -6.945840454101562500e+01
-1.232218265533447266e+01 3.464125061035156250e+01
-1.638786697387695312e+01 2.275757980346679688e+01
-4.580903244018554688e+01 -6.307227611541748047e+00
-1.928910064697265625e+01 -5.787947654724121094e+00
1.953389525413513184e+00 -8.301735687255859375e+01
1.961464691162109375e+01 9.598138809204101562e+00
3.739327239990234375e+01 1.474827671051025391e+01
-1.928022193908691406e+01 -5.806944847106933594e+00
5.143947982788085938e+01 -1.377009487152099609e+01
4.880930709838867188e+01 -5.717741012573242188e+00
1.752222633361816406e+01 1.627561759948730469e+01
-3.016896057128906250e+01 1.305333495140075684e+00
-3.354998397827148438e+01 -5.649194335937500000e+01
-2.624799537658691406e+01 2.160231399536132812e+01
1.822116851806640625e+01 -2.115677261352539062e+01
-6.298439502716064453e+00 3.850175857543945312e+01
-6.405624151229858398e-01 -6.955161285400390625e+01
-4.450348663330078125e+01 9.368316650390625000e+00
-4.150068283081054688e+01 -5.720232963562011719e+00
1.969877243041992188e+01 1.693506240844726562e+01
1.473443698883056641e+01 1.171438312530517578e+01
-3.862660217285156250e+01 1.728444337844848633e+00
-1.520318222045898438e+01 4.038357162475585938e+01
2.836872673034667969e+01 -1.387182235717773438e+01
-3.554179000854492188e+01 3.869301223754882812e+01
2.753706932067871094e+01 -2.064830207824707031e+01
-5.105730533599853516e+00 -3.629968881607055664e+00
-4.596543788909912109e+00 3.194819259643554688e+01
5.275514125823974609e-01 3.653119277954101562e+01
2.147623062133789062e+01 -1.469059371948242188e+01
-1.218759632110595703e+01 6.271757125854492188e+01
-2.469500303268432617e+00 -2.000813484191894531e+01
3.984037017822265625e+01 -7.792343497276306152e-01
-2.803726768493652344e+01 3.765761184692382812e+01
-4.286072158813476562e+01 -4.656346142292022705e-01
-9.214834213256835938e+00 3.005208587646484375e+01
2.169964981079101562e+01 1.316648578643798828e+01
-2.382750511169433594e+01 3.310784530639648438e+01
2.704447746276855469e+01 -1.859460639953613281e+01
4.746202468872070312e+01 5.271122932434082031e+00
-1.513090991973876953e+01 -2.407114791870117188e+01
-2.984498405456542969e+01 3.344911575317382812e+01
-5.193492889404296875e+00 3.110985374450683594e+01
1.965584754943847656e+01 1.892229270935058594e+01
-3.223762989044189453e+00 3.992491149902343750e+01
7.815693855285644531e+00 -5.231447696685791016e+00
1.890633583068847656e+01 1.407443046569824219e+01
2.600497436523437500e+01 -2.830397129058837891e+00
-1.091561031341552734e+01 2.079609870910644531e+01
-1.247526645660400391e+00 -7.302986907958984375e+01
-1.916088104248046875e+01 -1.675162792205810547e+00
-2.491179275512695312e+01 -6.247500228881835938e+01
-8.996991157531738281e+00 1.767457771301269531e+01
4.452606678009033203e+00 1.523114490509033203e+01
2.627927780151367188e+01 -1.051941204071044922e+01
1.907635498046875000e+01 2.914897680282592773e+00
-3.031870365142822266e+00 2.921459388732910156e+01
-2.501842260360717773e+00 -2.555278778076171875e+01
-1.943708229064941406e+01 1.642138671875000000e+01
-3.517778015136718750e+01 2.983287429809570312e+01
5.040266799926757812e+01 3.824445009231567383e+00
4.270693206787109375e+01 -9.402445793151855469e+00
-1.708124351501464844e+01 2.875481605529785156e+00
-8.250937461853027344e+00 6.505072784423828125e+01
2.391003227233886719e+01 -2.616424751281738281e+01
-3.927668380737304688e+01 3.514205551147460938e+01
-1.325483894348144531e+01 4.323803329467773438e+01
3.495931625366210938e+00 -8.376610565185546875e+01
-6.831814289093017578e+00 -3.066083908081054688e+01
3.723411560058593750e+01 -5.704054832458496094e+00
-1.005058383941650391e+01 4.140434646606445312e+01
-2.346167182922363281e+01 -6.056934356689453125e+01
4.136955738067626953e+00 6.315794944763183594e+00
-3.537574386596679688e+01 -5.188641357421875000e+01
-4.136146163940429688e+01 -1.689857363700866699e+00
-1.166007137298583984e+01 3.135670661926269531e+01
-4.490288543701171875e+01 -4.904709339141845703e+00
2.167731094360351562e+01 -1.642293739318847656e+01
2.376807785034179688e+01 -2.714846801757812500e+01
3.012474441528320312e+01 -1.877815246582031250e+01
1.248332214355468750e+01 1.091873455047607422e+01
-1.084635734558105469e+00 3.991161727905273438e+01
-1.409041786193847656e+01 3.837511444091796875e+01
6.268572807312011719e-01 2.266078186035156250e+01
-2.870132446289062500e+01 2.871287536621093750e+01
-2.089947319030761719e+01 -6.433944702148437500e+01
-1.323005008697509766e+01 1.818019104003906250e+01
-3.343011474609375000e+01 3.792011642456054688e+01
-5.634220600128173828e+00 1.050289154052734375e+01
-1.269351482391357422e+01 5.339862060546875000e+01
-2.183001708984375000e+01 6.395679092407226562e+01
1.767056083679199219e+01 4.535730361938476562e+01
2.195336341857910156e+01 -2.598301887512207031e+01
-5.545162677764892578e+00 3.337849807739257812e+01
-2.439731979370117188e+01 3.202751636505126953e+00
1.080494976043701172e+01 -5.354798793792724609e+00
3.232491683959960938e+01 -1.709593772888183594e+01
-3.169937324523925781e+01 2.050634193420410156e+01
-5.565836906433105469e+00 -2.014862823486328125e+01
-1.835716438293457031e+01 -5.854262924194335938e+01
1.210276412963867188e+01 2.531498908996582031e+01
-1.161982727050781250e+01 1.260262107849121094e+01
5.488321685791015625e+01 -5.519982337951660156e+00
-2.945836305618286133e+00 -2.698868942260742188e+01
-3.420624017715454102e+00 6.514679193496704102e-01
-2.617725181579589844e+01 3.077248382568359375e+01
-2.023693847656250000e+01 -1.210911369323730469e+01
2.396854209899902344e+01 -3.665549850463867188e+01
-7.628395080566406250e+00 -8.265206336975097656e+00
-1.503587913513183594e+01 3.010175704956054688e+01
8.256989121437072754e-01 -6.836846351623535156e+00
1.577140140533447266e+01 2.680647611618041992e+00
2.255634689331054688e+01 -2.680801010131835938e+01
3.355986785888671875e+01 -2.071263313293457031e+01
-2.685877799987792969e+01 -6.455197143554687500e+01
-8.911004066467285156e+00 4.544171905517578125e+01
-4.336264038085937500e+01 -8.689520835876464844e+00
-4.425462341308593750e+01 -2.062592029571533203e+00
4.200889587402343750e+00 2.420833778381347656e+01
-9.201501846313476562e+00 4.550493240356445312e+01
-2.188804388046264648e+00 4.316649627685546875e+01
3.038036918640136719e+01 -1.458029842376708984e+01
-2.568178176879882812e+01 -5.579537200927734375e+01
8.247780799865722656e+00 4.144451141357421875e+01
2.782620048522949219e+01 -2.949660873413085938e+01
-4.692505645751953125e+01 1.962296724319458008e+00
6.429966449737548828e+00 -1.219255566596984863e+00
-3.810790538787841797e+00 2.879399871826171875e+01
2.469531440734863281e+01 -3.582930374145507812e+01
5.312968444824218750e+01 1.896964572370052338e-02
-6.560643196105957031e+00 -1.237102127075195312e+01
3.406545639038085938e+01 -2.070025825500488281e+01
-8.858637809753417969e+00 -8.002453446388244629e-01
-5.337486267089843750e-01 3.059702301025390625e+01
1.648740959167480469e+01 1.689927673339843750e+01
1.253370571136474609e+01 3.443979263305664062e+01
2.117613410949707031e+01 1.299959087371826172e+01
-2.402236366271972656e+01 -6.545508575439453125e+01
-2.346853065490722656e+01 6.238194465637207031e+00
1.543288421630859375e+01 3.555655288696289062e+01
4.838283538818359375e+00 1.201509761810302734e+01
3.007765769958496094e+01 1.648807334899902344e+01
-3.446388244628906250e+01 2.616716766357421875e+01
3.278218746185302734e+00 -7.456037902832031250e+01
-9.274257659912109375e+00 -2.165377235412597656e+01
1.599155426025390625e+01 9.941795349121093750e+00
-4.024939727783203125e+01 3.425291061401367188e+01
1.244771766662597656e+01 6.587349414825439453e+00
1.907612228393554688e+01 2.825110673904418945e+00
4.205250930786132812e+01 -1.364032936096191406e+01
3.815201187133789062e+01 3.106860637664794922e+00
1.841486740112304688e+01 -7.845294952392578125e+00
1.400867748260498047e+01 -2.996046066284179688e+01
-2.091974830627441406e+01 -5.973705673217773438e+01
-3.820127868652343750e+01 6.295889854431152344e+00
-5.969285011291503906e+00 2.809122848510742188e+01
5.491656661033630371e-01 3.470518875122070312e+01
-8.785491585731506348e-01 -1.631786727905273438e+01
-2.093443107604980469e+01 1.711549949645996094e+01
-3.017521858215332031e+01 1.278285145759582520e+00
4.990536212921142578e+00 1.973135948181152344e+01
1.582784891128540039e+00 4.224749374389648438e+01
4.181160032749176025e-01 -7.104671478271484375e+01
-2.633600711822509766e+00 3.713209915161132812e+01
2.444670867919921875e+01 -3.722049713134765625e+01
4.079100131988525391e+00 -2.187101364135742188e+01
-1.277822399139404297e+01 2.761555671691894531e+01
-4.410542297363281250e+01 -3.233896493911743164e+00
5.499550327658653259e-02 -7.615599060058593750e+01
-4.475502014160156250e+00 -7.252129364013671875e+01
4.214617919921875000e+01 8.423840999603271484e-01
-3.322858810424804688e+01 3.314829254150390625e+01
-3.488235855102539062e+01 -5.264397430419921875e+01
2.971598386764526367e+00 -2.487181663513183594e+01
-1.586965370178222656e+01 5.003447055816650391e+00
1.211897182464599609e+01 4.403502941131591797e+00
-2.241478538513183594e+01 -6.356825637817382812e+01
-2.160997772216796875e+01 6.234119033813476562e+01
-2.550790596008300781e+01 -5.297760009765625000e+01
3.468750000000000000e+01 -4.057064652442932129e-01
2.911429214477539062e+01 -1.910298919677734375e+01
1.018776297569274902e+00 -7.716004180908203125e+01
-3.856554031372070312e+01 3.678084182739257812e+01
-4.704853820800781250e+01 -3.758447885513305664e+00
4.912753677368164062e+01 -1.094431209564208984e+01
-1.318391036987304688e+01 6.510894775390625000e+01
-1.302765560150146484e+01 3.456475448608398438e+01
-2.321567916870117188e+01 -5.108942508697509766e+00
-3.629359054565429688e+01 2.989287948608398438e+01
-1.718451380729675293e+00 1.465570449829101562e+01
-3.893719863891601562e+01 3.594269943237304688e+01
-1.372583293914794922e+01 2.106287574768066406e+01
1.229059123992919922e+01 5.220711517333984375e+01
-1.896082305908203125e+01 2.793239212036132812e+01
6.072803497314453125e+00 2.473714065551757812e+01
-1.249313926696777344e+01 5.391343307495117188e+01
-2.685910987854003906e+01 -6.455188751220703125e+01
4.906309890747070312e+01 -3.264978229999542236e-01
-1.110794901847839355e+00 -1.552816390991210938e+01
1.355627536773681641e+01 7.303773880004882812e+00
3.568468332290649414e+00 -7.553025817871093750e+01
1.266718506813049316e+00 4.175741195678710938e+01
6.756980419158935547e+00 -1.084468841552734375e+01
-2.043495750427246094e+01 6.383788299560546875e+01
4.256814002990722656e+00 -1.499910259246826172e+01
4.674036788940429688e+01 -1.475453758239746094e+01
-1.169205379486083984e+01 -1.043783092498779297e+01
-2.484849357604980469e+01 -5.684292221069335938e+01
-3.583409118652343750e+01 -3.831704616546630859e+00
-8.323397636413574219e+00 1.616660833358764648e+00
1.744008636474609375e+01 6.670083045959472656e+00
7.881451606750488281e+00 -2.554818534851074219e+01
-3.555966949462890625e+01 3.602213668823242188e+01
1.949742889404296875e+01 4.582980346679687500e+01
-3.884677124023437500e+01 2.508114051818847656e+01
1.844623374938964844e+01 -2.493451118469238281e+01
-3.959284210205078125e+01 -8.123564720153808594e+00
-2.386781120300292969e+01 -5.406950759887695312e+01
-3.215925216674804688e+01 2.720870971679687500e+01
-1.323740959167480469e+01 2.510377120971679688e+01
-8.833198547363281250e+00 -4.699207305908203125e+00
-4.798536300659179688e+00 -2.220513534545898438e+01
-1.297521686553955078e+01 -1.432334041595458984e+01
1.718091392517089844e+01 -2.596174812316894531e+01
7.388610839843750000e+00 -1.222842121124267578e+01
4.208263015747070312e+01 -4.578691482543945312e+00
-2.924337863922119141e+00 2.496980476379394531e+01
5.819524765014648438e+00 -1.353240013122558594e+01
1.733164978027343750e+01 -3.790041732788085938e+01
-3.007977306842803955e-01 1.806811904907226562e+01
2.468344497680664062e+01 1.256717967987060547e+01
4.382923889160156250e+01 -2.246741294860839844e+00
2.500963807106018066e-01 3.143222045898437500e+01
4.791451930999755859e+00 3.904816055297851562e+01
1.544099712371826172e+01 -3.513254928588867188e+01
-5.026800918579101562e+01 1.278486013412475586e+00
-5.337402343750000000e+00 5.129000186920166016e+00
4.476979255676269531e+00 -7.133641052246093750e+01
6.265967369079589844e+00 2.836458969116210938e+01
-7.548031806945800781e+00 4.572129440307617188e+01
4.495646667480468750e+01 9.855287551879882812e+00
-1.041536426544189453e+01 2.159610176086425781e+01
-9.546821594238281250e+00 9.653850555419921875e+00
4.102463150024414062e+01 5.583041667938232422e+00
-2.614140701293945312e+01 2.151308441162109375e+01
-1.524787998199462891e+01 3.038356781005859375e+01
1.002099514007568359e+00 1.478565502166748047e+01
1.849102735519409180e+00 -1.859107398986816406e+01
4.937340259552001953e+00 -7.488151550292968750e+01
2.944498443603515625e+01 -7.458870410919189453e+00
2.471892356872558594e+01 1.353309822082519531e+01
7.483860015869140625e+00 -3.456571578979492188e+01
1.663637733459472656e+01 -1.504781150817871094e+01
4.720022964477539062e+01 -1.835818481445312500e+01
-9.477104187011718750e+00 -2.409575271606445312e+01
-2.046933364868164062e+01 6.286992263793945312e+01
1.868541908264160156e+01 2.591391372680664062e+01
-6.018613815307617188e+00 -2.271380233764648438e+01
-4.431670665740966797e+00 -7.826806545257568359e+00
-3.323988723754882812e+01 -5.183618927001953125e+01
3.963483428955078125e+01 -1.763474082946777344e+01
-2.208701133728027344e+01 -6.182855987548828125e+01
-4.486013793945312500e+01 -6.054126739501953125e+00
4.658668136596679688e+01 8.471373319625854492e-01
5.925758361816406250e+00 -8.845398902893066406e+00
2.427979278564453125e+01 1.232174587249755859e+01
1.779537391662597656e+01 -3.982494354248046875e+01
-7.107606410980224609e+00 -3.143056869506835938e+01
1.733591651916503906e+01 4.650468444824218750e+01
4.541789245605468750e+01 1.772745132446289062e+00
-1.182808685302734375e+01 5.410080909729003906e+00
2.081007003784179688e+01 1.509929752349853516e+01
1.258378219604492188e+01 -7.858529567718505859e+00
-4.810139656066894531e+00 -1.274845790863037109e+01
-1.224752330780029297e+01 6.583367919921875000e+01
2.258833169937133789e+00 -2.597767066955566406e+01
2.561619949340820312e+01 -1.615207290649414062e+01
2.291674995422363281e+01 -1.865976715087890625e+01
5.802606940269470215e-01 1.149159812927246094e+01
3.160416793823242188e+01 -1.746468162536621094e+01
5.805148601531982422e+00 -7.917903137207031250e+01
-1.899756240844726562e+01 3.343036651611328125e+01
2.446270465850830078e+00 -7.329727935791015625e+01
3.830768203735351562e+01 -2.590932846069335938e+00
-2.070209503173828125e+00 -1.842126846313476562e+01
-3.555779647827148438e+01 2.824429702758789062e+01
-2.916872787475585938e+01 4.024486541748046875e+01
1.879467010498046875e+01 -4.136201095581054688e+01
5.143412399291992188e+01 -1.376453971862792969e+01
4.685335159301757812e+00 -2.312567710876464844e+01
9.308776855468750000e+00 1.832590293884277344e+01
-3.389580917358398438e+01 -5.277613830566406250e+01
2.757695198059082031e+01 -1.746450614929199219e+01
-6.622316837310791016e+00 6.136813640594482422e+00
-1.284756183624267578e+01 1.988718223571777344e+01
-3.259737777709960938e+01 3.476751327514648438e+01
-2.097520446777343750e+01 2.594230413436889648e+00
3.527547454833984375e+01 -1.565609931945800781e+01
2.019003295898437500e+01 -2.426707029342651367e+00
4.768354892730712891e+00 5.970953369140625000e+01
-2.447735404968261719e+01 3.355164718627929688e+01
5.007033824920654297e+00 -7.334227752685546875e+01
-3.549962997436523438e+01 2.568036842346191406e+01
-2.039567184448242188e+01 3.401641845703125000e+01
4.152039051055908203e+00 -7.707040405273437500e+01
2.340161323547363281e+00 -7.659315490722656250e+01
-1.040287113189697266e+01 6.179148483276367188e+01
8.933722496032714844e+00 3.101935195922851562e+01
-2.046478843688964844e+01 4.355719313025474548e-02
-3.592226791381835938e+01 2.210379791259765625e+01
-1.883885502815246582e+00 3.114493942260742188e+01
4.138665676116943359e+00 6.332724094390869141e+00
2.446454811096191406e+01 2.001427459716796875e+01
-1.730888175964355469e+01 2.543118596076965332e-01
-3.251047897338867188e+01 -5.079729461669921875e+01
4.199352741241455078e+00 2.391600608825683594e+01
1.972113609313964844e+01 -3.396253204345703125e+01
-1.144803619384765625e+01 -1.944296836853027344e+01
-3.116978263854980469e+01 2.332612419128417969e+01
3.809169387817382812e+01 -9.898047447204589844e+00
2.796229362487792969e+00 -7.203312683105468750e+01
-3.485298919677734375e+01 2.962854957580566406e+01
-5.388318061828613281e+00 -2.569836235046386719e+01
-2.573826074600219727e+00 -2.143851661682128906e+01
4.462901115417480469e+00 -7.134598541259765625e+01
4.411180496215820312e+01 -7.855691015720367432e-02
7.889441967010498047e+00 -7.038589477539062500e+00
1.867944908142089844e+01 -3.668397903442382812e+01
2.363244247436523438e+01 6.400849151611328125e+01
1.420953464508056641e+01 -3.707581758499145508e-01
-2.554132270812988281e+01 -5.703840637207031250e+01
3.919937896728515625e+01 1.409665775299072266e+01
4.743279266357421875e+01 5.379953384399414062e+00
2.472923517227172852e+00 -1.145155429840087891e+00
2.217185592651367188e+01 1.794818878173828125e+01
3.078293228149414062e+01 -2.198303699493408203e+00
-1.783950042724609375e+01 1.502029228210449219e+01
3.009302330017089844e+01 -2.222107124328613281e+01
5.147992706298828125e+01 -7.498770236968994141e+00
-4.322468185424804688e+01 -8.663784027099609375e+00
6.740681648254394531e+00 1.381791973114013672e+01
-3.368103408813476562e+01 2.440377807617187500e+01
-1.442963218688964844e+01 -1.039404571056365967e-01
-6.021924018859863281e-01 4.616529464721679688e+01
-2.125612258911132812e+01 1.720723271369934082e+00
1.447814273834228516e+01 1.254096412658691406e+01
-6.555885791778564453e+00 3.281745910644531250e+00
7.881455421447753906e+00 4.625805282592773438e+01
-4.464762210845947266e+00 -1.796660995483398438e+01
3.064181089401245117e+00 1.081411170959472656e+01
-7.920965671539306641e+00 3.600940322875976562e+01
2.277856588363647461e+00 3.304122161865234375e+01
-2.190733909606933594e+01 -6.060021972656250000e+01
4.622862243652343750e+01 -1.032126784324645996e+00
3.624588489532470703e+00 -7.346628570556640625e+01
1.241280841827392578e+01 1.084183883666992188e+01
1.213774681091308594e+01 3.319153976440429688e+01
-1.179209899902343750e+01 5.329675674438476562e+00
-5.619361400604248047e-01 -2.292671775817871094e+01
-3.153940773010253906e+01 2.106216239929199219e+01
-2.927684974670410156e+01 1.597836112976074219e+01
7.777366638183593750e+00 4.578179931640625000e+01
9.304708480834960938e+00 1.831123733520507812e+01
7.580812072753906250e+01 9.229557514190673828e-01
-1.835749053955078125e+01 -5.854636764526367188e+01
-1.017935848236083984e+01 1.244022727012634277e+00
-5.574989318847656250e-01 3.132016563415527344e+01
-5.166718959808349609e-01 -8.017073059082031250e+01
3.199541473388671875e+01 -3.163339424133300781e+01
-2.433312034606933594e+01 3.343624496459960938e+01
4.188459014892578125e+01 -1.380476379394531250e+01
3.098453998565673828e+00 4.482659912109375000e+01
-4.134512710571289062e+01 -2.922248840332031250e+00
-7.269865512847900391e+00 3.298475265502929688e+01
-3.127974700927734375e+01 3.486771392822265625e+01
1.806534576416015625e+01 1.305808353424072266e+01
-3.696125411987304688e+01 -5.516863632202148438e+01
-8.687941551208496094e+00 8.216470718383789062e+00
3.209199190139770508e+00 5.589267253875732422e+00
1.758546066284179688e+01 3.451763916015625000e+01
-4.476243972778320312e+01 -7.690992355346679688e+00
5.985163688659667969e+00 -1.623097419738769531e+00
4.034394836425781250e+01 -4.607886314392089844e+00
-7.441638469696044922e+00 -3.067493247985839844e+01
-2.929455757141113281e+01 4.022456741333007812e+01
2.720889472961425781e+01 -1.982357406616210938e+01
3.869991683959960938e+01 1.568423652648925781e+01
-4.913694763183593750e+01 2.113395452499389648e+00
1.213352966308593750e+01 6.273696517944335938e+01
-3.110139656066894531e+01 3.318568038940429688e+01
3.510802507400512695e+00 3.594175338745117188e+01
6.380481243133544922e+00 -7.620260620117187500e+01
-3.980423212051391602e+00 -8.554155349731445312e+00
1.172006511688232422e+01 -6.272793769836425781e+00
2.687688827514648438e+01 1.261890602111816406e+01
3.026917266845703125e+01 -3.443206787109375000e+00
-4.151212692260742188e+01 -2.893923044204711914e+00
4.222142791748046875e+01 -3.619762420654296875e+00
1.740220832824707031e+01 4.816144943237304688e+01
3.224645614624023438e+01 7.163458347320556641e+00
-1.476506710052490234e+01 -1.389333486557006836e+00
9.888272285461425781e+00 2.825791931152343750e+01
8.607676506042480469e+00 -9.481164932250976562e+00
9.235219955444335938e+00 -7.761898803710937500e+01
2.505679428577423096e-01 3.363172912597656250e+01
-1.872179412841796875e+01 3.206762695312500000e+01
6.855639457702636719e+00 -1.703028106689453125e+01
1.255888271331787109e+01 -7.759914398193359375e+00
1.909596621990203857e-01 -7.233132934570312500e+01
1.966199040412902832e+00 3.512118530273437500e+01
1.619651603698730469e+01 2.386392974853515625e+01
-1.506208419799804688e+01 9.481520652770996094e-01
1.683394432067871094e+01 -1.520703506469726562e+01
2.593825340270996094e+01 -1.921398162841796875e+01
-3.523163223266601562e+01 -5.683728790283203125e+01
-4.519260883331298828e+00 5.686413288116455078e+00
1.923544883728027344e+00 -7.119270324707031250e+01
4.839406013488769531e+00 2.797997856140136719e+01
2.361251068115234375e+01 -1.999114227294921875e+01
2.263460731506347656e+01 -3.486329269409179688e+01
-1.401464104652404785e+00 -2.534193038940429688e+01
1.481356143951416016e+01 8.942432403564453125e+00
4.167373180389404297e+00 -4.574310302734375000e+00
2.838330841064453125e+01 -2.285053634643554688e+01
1.102930450439453125e+01 3.054319620132446289e+00
-2.186627626419067383e+00 3.507179260253906250e+01
-5.127462005615234375e+01 5.666864013671875000e+01
-1.552123069763183594e+01 1.123402476310729980e+00
1.894578361511230469e+01 -3.614171600341796875e+01
-2.070256710052490234e+00 1.510835266113281250e+01
1.923424530029296875e+01 -2.105220794677734375e+01
3.437300872802734375e+01 -2.595529365539550781e+01
-3.036346054077148438e+01 -6.377889633178710938e+01
3.330398559570312500e+01 2.476499938964843750e+01
3.503160476684570312e+01 -8.546413421630859375e+00
-1.863176941871643066e+00 2.824786567687988281e+01
2.148772239685058594e+01 3.141257286071777344e+01
2.026725578308105469e+01 -2.867923974990844727e+00
8.220625877380371094e+00 3.645957946777343750e+01
-4.900566577911376953e+00 4.364141082763671875e+01
2.350090026855468750e+01 -6.368677139282226562e+00
1.299265861511230469e+00 1.016719436645507812e+01
7.716243743896484375e+00 -7.264537811279296875e+01
3.198406410217285156e+01 -3.161790275573730469e+01
-3.864898443222045898e+00 -7.879187774658203125e+01
8.516752123832702637e-01 2.677300453186035156e+01
-3.515152359008789062e+01 3.233951187133789062e+01
-3.430940628051757812e+01 -5.198398590087890625e+01
-6.758160591125488281e+00 5.055127716064453125e+01
-2.020224952697753906e+01 -1.205574226379394531e+01
4.258234977722167969e+00 -4.739192485809326172e+00
-3.022936248779296875e+01 3.552333831787109375e+01
9.497061729431152344e+00 -7.742042541503906250e+01
1.290984344482421875e+01 -1.728108406066894531e+01
9.619281768798828125e+00 -1.223861503601074219e+01
-1.122198295593261719e+01 -2.470415115356445312e+01
-1.108812332153320312e+01 -2.098008918762207031e+01
1.841680908203125000e+01 -2.500688743591308594e+01
7.903286457061767578e+00 -6.582760334014892578e+00
-9.830800056457519531e+00 6.376495742797851562e+01
-2.560190582275390625e+01 -1.053964328765869141e+01
-2.964756584167480469e+01 1.675302314758300781e+01
1.381918144226074219e+01 -1.113732719421386719e+01
-9.157639503479003906e+00 2.953227806091308594e+01
1.380819511413574219e+01 -1.113667106628417969e+01
1.544023895263671875e+01 -3.513186264038085938e+01
-3.030744743347167969e+01 -6.389049530029296875e+01
4.598318099975585938e+01 -3.002814531326293945e+00
-1.167370128631591797e+01 6.504310607910156250e+01
-6.067881584167480469e+00 2.793501281738281250e+01
6.274197995662689209e-02 1.215823268890380859e+01
2.589257621765136719e+01 -2.278151893615722656e+01
1.542391204833984375e+01 -5.239019870758056641e+00
-2.096472167968750000e+01 4.484341812133789062e+01
-4.315206909179687500e+01 9.910487174987792969e+00
3.090027236938476562e+01 2.567850589752197266e+00
4.909251403808593750e+01 -1.093035602569580078e+01
1.600265312194824219e+01 3.555529022216796875e+01
2.204565429687500000e+01 1.574781990051269531e+01
3.817283630371093750e+01 3.788177967071533203e-01
-1.668852996826171875e+01 1.560506629943847656e+01
-2.368034934997558594e+01 1.877263307571411133e+00
2.679534530639648438e+01 -2.139402389526367188e+01
-5.917202758789062500e+01 1.430980491638183594e+01
5.487508773803710938e+01 -5.511143684387207031e+00
1.316290092468261719e+01 -3.161398410797119141e+00
-7.600425720214843750e+00 -2.600476264953613281e+00
-1.322103595733642578e+01 4.033832931518554688e+01
9.512052536010742188e+00 -1.510916709899902344e+01
3.162825345993041992e+00 -2.977763938903808594e+01
-2.115896415710449219e+01 6.310366058349609375e+01
-7.375874519348144531e+00 -1.929441261291503906e+01
-3.209763717651367188e+01 -5.483488082885742188e+01
-1.686349487304687500e+01 -1.787560844421386719e+01
1.847016334533691406e+01 4.687701034545898438e+01
1.926161193847656250e+01 -3.677628707885742188e+01
-2.755712747573852539e+00 1.845333290100097656e+01
2.642916679382324219e+00 9.379219055175781250e+00
-8.047726631164550781e+00 -5.918864727020263672e+00
-4.132810592651367188e+01 -5.632645606994628906e+00
-3.601211166381835938e+01 2.116783332824707031e+01
-1.402160358428955078e+01 2.735964202880859375e+01
-7.736107707023620605e-01 -2.299618721008300781e+01
7.383071899414062500e+00 -4.471843719482421875e+00
-4.267438888549804688e+01 -3.153364896774291992e+00
-3.100633239746093750e+01 -5.622708511352539062e+01
1.968509864807128906e+01 -3.361211299896240234e+00
-1.517535114288330078e+01 5.793197250366210938e+01
2.193920707702636719e+01 -3.813603973388671875e+01
2.334873008728027344e+01 1.452903628349304199e+00
-7.005107879638671875e+00 3.762463569641113281e+00
-5.402389049530029297e+00 1.739361190795898438e+01
-1.400277614593505859e+00 -7.142976379394531250e+01
4.867289960384368896e-01 -7.463448333740234375e+01
4.459558868408203125e+01 -4.677276134490966797e+00
-4.972203731536865234e+00 -2.354758071899414062e+01
-3.501999664306640625e+01 3.032106399536132812e+01
-2.970032215118408203e+00 3.972893905639648438e+01
2.399817657470703125e+01 1.831517696380615234e+00
-2.418575048446655273e+00 6.135803222656250000e+00
4.909799575805664062e+01 -3.188020884990692139e-01
-3.851227951049804688e+01 5.888287544250488281e+00
7.787955760955810547e+00 -3.556268692016601562e+01
9.233706474304199219e+00 -2.127108001708984375e+01
5.332751464843750000e+01 -1.717817932367324829e-01
3.433412551879882812e+00 -6.961299896240234375e+01
-4.623431777954101562e+01 -4.728485107421875000e+00
-9.082853317260742188e+00 6.747931003570556641e+00
-3.562649154663085938e+01 -5.862583541870117188e+01
-2.794925928115844727e+00 -9.611793160438537598e-01
-2.600718879699707031e+01 -4.382464885711669922e+00
-3.046497726440429688e+01 7.219192028045654297e+00
-2.312094306945800781e+01 -5.548147964477539062e+01
6.323889732360839844e+00 8.969894409179687500e+00
-3.432174682617187500e+01 -5.722095870971679688e+01
2.265435791015625000e+01 -2.654541206359863281e+01
2.194006538391113281e+01 -3.813168716430664062e+01
1.350073909759521484e+01 1.855775451660156250e+01
-6.126646995544433594e+00 -2.376332283020019531e+01
1.292583751678466797e+01 1.978257751464843750e+01
4.080426788330078125e+01 2.690557479858398438e+00
-1.315996646881103516e+01 3.808560180664062500e+01
-5.391427993774414062e+00 1.705789268016815186e-01
-9.003837585449218750e+00 -1.451982116699218750e+01
1.367595553398132324e+00 -7.478919982910156250e+01
2.552551269531250000e+01 -2.096779441833496094e+01
-4.368890380859375000e+01 -4.763075828552246094e+00
1.470215797424316406e+00 2.869474792480468750e+01
1.541498661041259766e+01 -2.350640296936035156e+01
-2.844393348693847656e+01 -5.985969161987304688e+01
2.456659317016601562e+00 -7.880013275146484375e+01
-4.297080993652343750e+01 3.738678932189941406e+00
4.752217483520507812e+01 -1.735985183715820312e+01
-7.402245044708251953e+00 -1.109876632690429688e+01
7.542246341705322266e+00 4.178363418579101562e+01
-3.924178695678710938e+01 1.387549042701721191e+00
4.374036026000976562e+01 -6.691056251525878906e+00
3.139935016632080078e+00 -2.980224227905273438e+01
-3.425764465332031250e+01 -5.593732452392578125e+01
-3.388422393798828125e+01 -4.861381530761718750e+01
1.148876285552978516e+01 3.243113327026367188e+01
-3.941588640213012695e+00 -2.053044509887695312e+01
-9.316298484802246094e+00 1.638909530639648438e+01
2.856537246704101562e+01 2.021561050415039062e+01
-2.752349138259887695e+00 1.844986534118652344e+01
2.027692222595214844e+01 -1.183420562744140625e+01
9.795003890991210938e+00 -1.222928333282470703e+01
-1.334079360961914062e+01 6.099058532714843750e+01
-4.176822662353515625e+00 -2.537663078308105469e+01
8.866686820983886719e+00 -2.103073883056640625e+01
1.539913082122802734e+01 -5.064275741577148438e+00
-2.440005493164062500e+01 -5.662503433227539062e+01
1.842270660400390625e+01 -7.846822738647460938e+00
-7.335592269897460938e+00 2.564919090270996094e+01
1.468366265296936035e+00 -2.186416625976562500e+01
-1.152700805664062500e+01 6.435723114013671875e+01
1.305687332153320312e+01 4.080564880371093750e+01
5.349693775177001953e+00 6.750541687011718750e+01
-3.559125900268554688e+01 2.734822845458984375e+01
1.976582336425781250e+01 -3.392879486083984375e+01
-9.102738380432128906e+00 4.367604732513427734e+00
3.230865478515625000e+01 -2.528065490722656250e+01
-3.004341316223144531e+01 1.527367115020751953e+01
-3.184648895263671875e+01 2.055389595031738281e+01
-2.842195129394531250e+01 -1.696315765380859375e+01
-3.622321844100952148e+00 7.107815742492675781e+00
-4.657450485229492188e+01 -5.095685958862304688e+00
-2.057870864868164062e+01 6.203020095825195312e+01
1.862161254882812500e+01 1.238726902008056641e+01
8.481329917907714844e+00 4.110218048095703125e+01
-2.375847625732421875e+01 1.019939804077148438e+01
-1.498954582214355469e+01 2.650810718536376953e+00
-1.063386535644531250e+01 6.350500488281250000e+01
-6.245984435081481934e-01 4.609225463867187500e+01
4.534744262695312500e+01 1.785621047019958496e+00
1.688573956489562988e+00 -7.384833526611328125e+01
1.055989742279052734e+01 -2.071272134780883789e+00
1.715399384498596191e+00 1.468002033233642578e+01
2.030380629003047943e-02 9.294699668884277344e+00
-3.260157394409179688e+01 -5.182649612426757812e+01
-1.956416130065917969e+01 5.669947052001953125e+01
-2.403211593627929688e+01 -6.545326232910156250e+01
-9.178130149841308594e+00 6.290565872192382812e+01
-1.707099533081054688e+01 3.424260330200195312e+01
3.755619049072265625e+01 1.553148841857910156e+01
-1.604096293449401855e-01 -7.807817840576171875e+01
-4.884123992919921875e+01 6.760656833648681641e-01
-2.634921264648437500e+01 3.476139450073242188e+01
-3.575541973114013672e+00 -1.382988262176513672e+01
2.805758476257324219e+01 3.592014685273170471e-02
3.963582992553710938e+01 -1.763539505004882812e+01
-6.799984931945800781e+00 5.128489303588867188e+01
-1.818198800086975098e+00 2.390094184875488281e+01
-3.352248382568359375e+01 -5.093801116943359375e+01
1.893500518798828125e+01 -4.246332168579101562e+01
1.330757999420166016e+01 -2.813747787475585938e+01
-2.373600769042968750e+01 -5.817122936248779297e+00
2.351293945312500000e+01 7.606690883636474609e+00
-1.114790439605712891e+01 6.304619598388671875e+01
1.393861675262451172e+01 7.599594116210937500e+00
-5.301571846008300781e+00 4.660403060913085938e+01
4.577538013458251953e+00 -8.248064422607421875e+01
-1.954382133483886719e+01 -6.184706878662109375e+01
9.932335853576660156e+00 2.333414268493652344e+01
-6.384667396545410156e+00 3.323198699951171875e+01
-1.771638631820678711e+00 2.816277313232421875e+01
2.102772712707519531e+00 -1.441627216339111328e+01
1.963241386413574219e+01 -3.371380329132080078e+00
-1.654377937316894531e+01 5.765745544433593750e+01
-2.814519309997558594e+01 -5.601622009277343750e+01
-2.454550361633300781e+01 6.168388366699218750e+00
1.057907295227050781e+01 2.877075767517089844e+01
-2.873181915283203125e+01 3.373115539550781250e+01
1.308228874206542969e+01 4.082385253906250000e+01
9.418985366821289062e+00 -1.279837191104888916e-01
6.521269321441650391e+00 1.588226318359375000e+01
4.874843597412109375e+01 -5.715314865112304688e+00
-1.289997005462646484e+01 5.234572982788085938e+01
5.324116516113281250e+01 -7.351741194725036621e-02
1.669878959655761719e+01 -3.768183588981628418e-01
-1.661755180358886719e+01 1.916367530822753906e+01
-6.721872806549072266e+00 -2.048900222778320312e+01
3.237928009033203125e+01 7.105861186981201172e+00
1.042559146881103516e+00 -7.366702270507812500e+01
-2.002676391601562500e+01 3.799784088134765625e+01
-1.309304714202880859e+01 4.177075958251953125e+01
3.094460487365722656e+01 -1.373824691772460938e+01
5.146946716308593750e+01 -7.503147602081298828e+00
3.928188562393188477e+00 -1.356020164489746094e+01
2.102864646911621094e+01 6.602962017059326172e+00
-4.273613357543945312e+01 -5.747826695442199707e-01
-1.609256935119628906e+01 -6.898339843750000000e+01
4.704494476318359375e+00 3.588904571533203125e+01
-1.755804061889648438e+01 2.298574829101562500e+01
